0.003
0.001
0.060
0.010
0.001
0.083
0.001
0.011
0.030
0.001
0.002
0.020
0.001
0.102
0.059
0.001
0.018
0.119
0.002
0.030
0.001
0.029
0.001
0.036
0.012
0.037
0.031
0.017
0.049
0.028
0.063
0.035
0.024
0.014
0.009
0.058
0.037
0.017
0.023
0.038
0.031
0.011
0.029
0.016
0.067
0.023
0.013
0.025
0.047
0.035
0.023
0.011
0.023
0.069
0.095
0.002
0.033
0.061
0.056
0.106
0.024
0.002
0.097
0.042
0.009
0.062
0.077
0.009
0.017
0.044
0.013
0.053
0.078
0.034
0.096
0.033
0.047
0.050
0.064
0.058
0.045
0.067
0.046
0.045
0.018
0.012
0.011
0.015
0.033
0.029
0.040
0.034
0.091
0.093
0.053
0.025
0.033
0.065
0.037
0.035
0.058
0.038
0.045
0.064
0.068
0.031
0.054
0.025
0.022
0.020
0.033
0.032
0.002
0.114
0.031
0.054
0.045
0.077
0.032
0.041
0.027
0.052
0.022
0.054
0.020
0.095
0.049
0.032
0.027
0.031
0.086
0.031
0.025
0.020
0.060
0.036
0.069
0.037
0.014
0.036
0.008
0.087
0.034
0.045
0.037
0.027
0.064
0.018
0.025
0.035
0.035
0.069
0.093
0.045
0.063
0.047
0.072
0.041
0.030
0.063
0.038
0.083
0.021
0.003
0.055
0.015
0.041
0.049
0.067
0.034
0.019
0.035
0.046
0.033
0.039
0.076
0.009
0.041
0.032
0.031
0.088
0.046
0.059
0.046
0.031
0.055
0.017
0.048
0.030
0.072
0.022
0.048
0.023
0.076
0.090
0.050
0.022
0.020
0.076
0.028
0.013
0.045
0.030
0.036
0.035
0.046
0.051
0.024
0.013
0.013
0.031
0.138
0.031
0.035
0.027
0.056
0.032
0.026
0.035
0.010
0.091
0.018
0.047
0.039
0.071
0.040
0.033
0.019
0.049
0.015
0.051
0.023
0.025
0.103
0.003
0.038
0.028
0.078
0.118
0.170
0.003
0.059
0.032
0.017
0.104
0.027
0.069
0.050
0.088
0.056
0.072
0.062
0.054
0.019
0.049
0.015
0.115
0.026
0.087
0.033
0.044
0.093
0.025
0.013
0.084
0.031
0.058
0.052
0.031
0.019
0.076
0.011
0.047
0.098
0.054
0.048
0.026
0.068
0.057
0.063
0.012
0.043
0.075
0.057
0.153
0.043
0.033
0.050
0.186
0.011
0.019
0.020
0.015
0.052
0.022
0.027
0.036
0.035
0.105
0.028
0.040
0.034
0.054
0.028
0.060
0.038
0.045
0.019
0.037
0.057
0.082
0.166
0.095
0.043
0.103
0.032
0.037
0.030
0.046
0.043
0.049
0.031
0.025
0.016
0.059
0.097
0.026
0.027
0.057
0.024
0.060
0.028
0.027
0.008
0.025
0.035
0.054
0.117
0.046
0.043
0.051
0.038
0.041
0.048
0.132
0.126
0.058
0.027
0.067
0.048
0.066
0.027
0.072
0.040
0.014
0.114
0.014
0.064
0.078
0.050
0.132
0.083
0.046
0.056
0.033
0.033
0.036
0.001
0.131
0.055
0.069
0.021
0.063
0.040
0.032
0.053
0.043
0.058
0.065
0.075
0.024
0.050
0.024
0.169
0.015
0.029
0.028
0.031
0.021
0.032
0.078
0.069
0.082
0.049
0.076
0.046
0.019
0.070
0.067
0.104
0.028
0.015
0.026
0.040
0.059
0.056
0.081
0.061
0.066
0.019
0.059
0.057
0.026
0.016
0.053
0.038
0.012
0.036
0.022
0.048
0.014
0.039
0.067
0.021
0.043
0.020
0.054
0.033
0.019
0.016
0.030
0.056
0.056
0.039
0.021
0.040
0.032
0.018
0.040
0.045
0.037
0.054
0.019
0.020
0.064
0.059
0.061
0.082
0.030
0.039
0.045
0.112
0.061
0.021
0.073
0.029
0.032
0.039
0.043
0.103
0.063
0.075
0.035
0.076
0.026
0.022
0.039
0.040
0.076
0.056
0.053
0.016
0.048
0.015
0.073
0.081
0.031
0.040
0.066
0.042
0.098
0.027
0.041
0.118
0.004
0.064
0.034
0.065
0.056
0.027
0.019
0.109
0.036
0.059
0.003
0.087
0.013
0.066
0.105
0.044
0.012
0.019
